936509870
936525016
936639669
936669994
936709052
936724597
936483241
936496625
936500897
936572547
936577921
936663756
936680961
936711103
936545792
936732650
936655353
936731119
936679084
936652893
936559189
936651645
936696184
936658639
936677085
936488526
936660427
936688977
936550971
936657481
936677880
936713118
936542005
936547829
936475857
936477055
936489889
936501791
936503969
936528834
936570385
936651069
936667667
936669661
936679732
936658880
936542398
936554650
936590394
936600225
936635130
936662268
936667971
936522406
936734620
936673801
936472928
936478426
936480648
936593808
936469906
936590064
936605676
936607742
936611069
936614418
936631239
936646217
936483187
936468824
936673427
936542095
936515597
936495855
936504405
936513493
936521570
936526171
936532209
936535256
936550831
936518437
936668612
936663025
936717702
936491945
936530910
936531392
936543977
936671800
936479026
936487130
936511636
936523873
936525295
936529795
936537030
936553642
936556680
936573933
936632195
936494930
936681189
936691800
936688718
936665763
936681849
936685021
936660558
936685459
936692868
936676749
936694070
936481104
936734021
936699940
936680640
936708391
936688155
936641080
936717276
936474361
936728981
936685734
936699401
936676418
936654171
936663661
936669401
936676123
936607741
936678414
936710314
936602394
936689819
936668587
936665169
936696558
936703274
936683940
936709042
936713542
936715946
936711855
936707440
936669444
936558270
936476394
936660457
936655156
936662780
936474486
936532101
936684171
936707795
936703596
936663207
936697933
936684540
936689076
936706345
936660692
936664925
936656324
936667766
936482834
936496087
936481537
936482963
936494362
936502132
936504075
936532467
936583244
936593224
936608774
936667983
936524324
936535326
936539562
936557855
936529976
936519974
936691504
936504394
936529425
936542185
936555867
936513186
936522187
936550329
936598453
936700103
936504460
936476596
936571351
936574979
936671313
936679041
936498228
936486460
936667144
936685186
936673311
936696925
936700146
936676631
936490363
936536680
936687828
936658602
936664579
936725419
936680825
936694218
936697376
936680131
936532660
936686691
936677285
936474032
936478533
936485730
936493874
936535451
936538469
936560842
936578788
936580936
936586551
936588761
936589664
936594102
936598221
936608485
936609351
936618956
936631069
936632652
936637028
936650349
936483728
936490573
936500191
936511947
936515529
936521747
936523447
936527238
936542495
936575001
936603325
936611457
936622251
936628373
936640530
936576813
936570964
936680657
936720908
936723599
936678216
936702206
936591411
936678915
936706731
936728567
936702834
936502843
936507300
936521361
936531490
936558853
936688241
936694663
936539920
936591962
936495333
936712655
936713228
936623630
936678584
936479038
936496331
936520256
936482875
936511747
936526625
936471235
936487471
936516116
936711723
936660281
936688819
936697978
936722705
936515358
936696837
936553252
936652921
936651561
936515700
936652827
936669966
936704471
936679150
936672801
936557653
936560030
936580146
936635301
936645958
936663231
936481031
936491401
936497930
936530447
936537808
936540089
936542355
936551122
936553922
936573830
936585389
936604434
936609458
936631502
936671712
936543177
936699606
936712520
936698195
936687765
936669589
936648643
936512318
936664544
936493024
936663654
936528602
936666718
936470432
936650609
936655886
936598146
936608810
936653121
936504189
936509958
936514134
936522152
936523206
936526239
936531665
936554428
936580398
936611151
936631828
936663951
936470049
936477336
936497675
936512587
936519897
936528138
936543026
936553094
936560221
936570091
936573100
936578379
936582741
936586809
936590277
936608635
936612747
936628989
936642168
936645843
936660216
936556644
936597044
936668405
936536547
936571547
936653674
936668110
936520097
936598633
936483464
936482946
936694587
936724023
936621283
936662677
936662633
936662502
936662581
936662928
936663111
936690190
936719715
936552922
936515745
936489827
936662556
936468736
936702244
936591424
936656092
936681759
936668941
936652785
936663542
936669513
936697658
936702330
936704485
936722330
936605054
936650696
936719107
936691546
936699723
936684989
936666901
936672246
936652084
936670648
936688367
936699158
936661455
936664152
936678871
936682522
936680053
936689423
936677128
936691036
936667961
936679722
936657006
936659849
936663751
936668685
936701106
936712358
936551691
936678855
936668313
936675094
936671925
936587818
936643125
936590159
936593037
936713807
936662734
936701900
936727508
936676192
936691323
936681826
936688630
936585502
936684356
936673078
936663987
936670248
936679531
936678433
936682825
936683606
936701144
936688086
936663682
936475544
936482757
936487064
936493784
936574295
936609484
936478235
936479563
936514273
936520121
936532627
936540902
936581423
936552996
936591776
936660462
936550060
936554924
936570053
936652055
936544832
936521502
936472907
936514798
936541891
936552579
936556493
936575109
936656498
936668216
936648644
936670807
936492186
936547063
936525239
936634479
936484325
936486069
936504645
936510098
936526932
936528118
936534522
936538267
936539673
936541482
936558679
936611495
936623067
936634695
936658385
936481044
936493600
936508612
936535730
936555384
936610068
936620059
936632478
936645889
936648213
936542639
936543600
936581578
936539182
936556744
936570022
936574572
936579783
936724173
936722518
936707583
936481835
936714035
936671316
936679583
936683681
936663197
936511016
936513814
936534741
936660231
936661030
936654473
936663287
936659223
936653582
936690559
936681734
936699676
936493427
936509930
936587916
936590651
936657485
936670269
936668211
936670105
936677041
936682700
936687699
936539719
936665010
936659957
936734357
936690097
936693761
936665959
936533757
936544678
936640219
936707028
936523593
936674692
936517219
936542640
936573437
936731723
936656378
936663275
936678706
936694143
936580281
936584806
936694066
936674980
936691988
936521419
936479048
936500866
936513943
936550076
936613584
936585180
936651485
936668642
936712555
936688231
936653118
936663081
936664610
936665585
936667330
936669561
936675472
936677619
936678204
936678977
936681113
936690056
936690573
936693664
936718002
936659888
936661326
936679846
936698205
936712946
936680643
936693201
936709656
936663148
936660689
936664393
936672291
936675279
936651259
936667478
936712088
936495826
936687358
936660505
936653153
936667225
936574326
936586603
936624048
936482365
936495925
936515553
936531637
936538172
936543271
936574106
936588272
936597856
936609552
936617445
936668137
936678896
936492182
936498987
936504484
936512119
936536308
936551125
936562769
936578066
936508228
936552483
936610288
936522227
936653760
936656104
936712953
936697699
936534217
936498902
936501496
936501351
936699069
936686250
936693153
936682256
936584213
936523786
936568898
936635174
936517349
936559123
936677162
936681538
936505751
936542683
936577123
936673205
936606827
936645719
936700413
936702302
936577256
936609255
936633712
936679727
936507310
936533004
936507871
936683967
936692157
936709394
936710662
936512543
936523810
936680758
936697590
936676349
936695111
936609988
936690546
936669336
936687831
936678198
936705020
936628718
936476318
936530349
936723707
936682287
936496070
936505804
936511288
936584620
936587205
936654093
936500418
936501953
936539336
936589563
936592591
936506398
936508498
936513239
936524912
936542561
936543559
936546678
936553058
936559729
936567418
936573383
936654825
936659941
936662736
936668306
936691596
936695376
936706074
936706771
936707435
936510612
936541176
936661508
936663734
936666737
936680412
936689236
936682385
936686729
936688281
936707957
936709148
936489621
936517353
936557361
936675626
936664335
936709648
936718930
936709246
936710494
936477914
936490257
936515629
936582335
936584515
936596181
936529720
936542624
936555799
936579133
936589794
936536673
936558052
936575078
936471689
936493682
936521572
936602564
936682264
936721477
936665274
936505931
936580515
936668511
936543873
936612296
936667711
936677447
936529775
936534603
936683990
936500387
936579239
936705253
936548140
936524007
936493022
936513363
936516081
936523703
936526672
936482787
936504225
936508078
936537723
936578933
936675347
936696563
936580738
936589772
936528311
936653271
936659676
936661214
936704932
936553597
936622974
936647381
936563550
936584159
936605349
936641246
936660054
936689274
936534154
936579001
936627387
936576821
936533178
936509631
936683138
936544419
936508054
936577670
936506367
936556704
936582347
936585638
936712180
936528979
936607067
936472042
936501672
936589390
936583701
936637536
936643258
936484477
936543286
936586433
936589273
936633244
936507477
936522488
936667460
936489753
936519680
936605268
936656291
936526921
936694335
936698790
936699311
936713509
936695550
936681335
936620088
936644998
936654131
936666736
936553753
936692341
936504555
936473550
936481887
936494301
936533552
936466992
936478667
936481733
936483373
936492695
936497173
936527240
936537942
936540794
936549139
936574487
936630975
936662913
936475791
936487282
936499750
936511652
936520155
936528028
936532794
936553095
936570160
936572209
936573521
936590567
936601601
936605858
936611660
936613453
936650398
936659597
936660529
936503059
936513714
936590649
936595801
936484709
936589278
936595514
936605946
936698824
936720604
936734468
936735826
936653204
936525158
936606474
936663633
936490584
936582313
936640847
936529789
936534020
936554313
936604124
936670101
936478277
936551904
936565868
936724450
936720769
936593667
936666242
936665529
936663366
936674208
936659025
936503722
936669887
936682740
936693584
936705673
936694726
936516523
936525121
936537359
936543097
936518665
936569173
936683499
936673139
936669731
936652104
936679413
936651288
936668899
936661032
936670317
936700945
936557607
936666904
936708599
936684179
936707072
936652220
936686238
936624829
936573921
936541140
936606020
936684062
936692473
936619097
936573857
936675641
936688887
936678522
936713998
936734619
936705987
936668602
936672464
936693228
936621220
936676483
936678455
936726557
936675721
936689170
936651582
936670411
936686752
936696906
936706437
936727248
936627692
936660124
936731935
936724476
936662101
936653452
936668664
936576126
936472030
936718320
936719347
936678932
936592387
936539862
936692452
936658628
936480029
936658400
936685598
936652958
936659213
936669136
936670645
936679818
936658826
936662102
936664278
936667771
936674072
936685934
936698086
936700002
936708292
936717195
936656471
936679791
936710829
936679194
936606064
936676934
936663230
936725587
936727968
936722520
936694519
936688848
936686322
936590042
936617809
936630035
936577107
936686385
936692009
936677727
936689550
936682098
936684861
936550405
936560050
936669814
936536365
936569295
936675769
936584599
936625214
936466790
936724326
936734284
936729880
936658766
936664562
936673411
936659697
936663450
936660307
936479425
936481174
936678837
936703943
936675427
936677916
936685816
936498034
936710363
936691743
936676849
936685989
936706234
936680777
936653778
936698656
936652829
936688154
936678588
936684721
936651226
936681213
936590378
936572175
936707166
936683171
936690963
936700770
936696647
936735639
936709559
936706682
936720719
936726077
936669011
936651759
936661428
936674444
936662760
936703017
936554755
936569848
936618992
936553792
936557198
936624948
936646146
936653916
936654474
936668016
936681944
936687815
936690299
936571575
936662378
936698361
936663048
936703052
936593512
936720141
936561478
936568741
936580847
936623537
936629197
936660912
936673124
936674067
936681822
936571597
936574040
936590215
936634669
936671843
936620318
936655751
936603510
936672844
936663860
936685455
936663357
936587852
936659651
936670306
936662533
936695755
936705713
936665419
936704872
936679337
936682240
936696079
936669649
936726452
936690007
936604893
936696570
936701941
936710472
936683729
936689751
936719632
936652119
936695750
936690899
936610166
936661370
936637043
936668124
936653700
936613787
936670026
936698711
936710682
936701498
936718500
936685352
936686954
936706094
936651682
936692160
936701327
936682182
936684512
936703104
936656346
936697079
936706219
936708441
936711535
936720669
936732214
936715459
936727686
936653228
936656376
936706017
936713900
936653269
936734854
936651586
936657745
936662748
936652912
936681387
936732549
936676892
936652542
936688091
936653081
936692080
936697447
936706226
936710127
936666182
936717337
936662402
936653572
936664613
936683835
936668616
936652911
936694071
936677550
936685667
936706086
936529947
936681920
936587862
936640843
936469851
936673332
936611585
936671669
936536331
936669236
936696282
936668521
936664454
936668338
936651504
936655979
936661438
936658938
936651957
936689459
936685078
936729785
936580781
936723590
936725288
936730962
936732715
936733935
936640308
936679888
936659389
936669381
936699915
936705381
936733340
936681841
936688986
936541768
936733754
936682482
936706720
936683566
936689212
936713648
936728368
936590918
936648824
936685532
936717216
936594872
936634389
936713042
936698370
936720323
936590074
936655882
936669332
936612351
936684350
936663908
936677478
936718393
936671051
936632002
936690183
936713761
936670436
936665998
936661155
936662960
936668310
936654619
936659935
936669783
936699399
936710513
936711100
936701029
936483460
936671002
936680836
936687385
936693236
936716943
936699590
936698534
936703521
936694904
936679613
936693471
936694984
936588708
936667268
936687078
936659421
936693506
936668609
936661216
936662926
936665871
936624889
936655850
936652737
936652779
936604137
936634981
936616713
936548677
936607864
936627620
936658056
936660987
936664971
936661977
936665142
936659820
936674874
936727759
936662600
936653693
936650964
936653235
936659511
936660486
936661610
936670499
936479031
936498451
936514698
936675674
936687057
936710657
936706071
936651218
936658154
936671022
936650885
936679800
936684461
936686356
936695177
936732423
936678315
936690267
936681176
936675482
936685694
936686693
936687500
936677170
936701090
936656697
936665514
936668743
936626686
936704081
936506977
936659524
936662283
936663493
936535823
936669201
936672162
936602021
936657469
936670234
936709090
936727605
936684787
936733111
936664026
936712137
936724671
936727388
936669142
936659831
936660791
936658024
936663222
936665665
936671875
936662743
936670283
936478519
936481635
936490983
936509906
936517836
936524077
936540200
936544036
936587394
936592194
936611502
936618522
936630639
936636432
936654690
936658653
936499974
936505458
936529747
936536791
936542265
936608439
936641320
936652975
936675444
936721306
936525433
936588938
936619242
936685829
936498031
936673114
936480534
936546282
936667858
936700789
936693892
936571439
936578290
936586515
936588728
936617136
936649524
936606157
936654817
936657724
936631442
936649010
936646130
936647764
936661348
936650520
936669470
936654951
936661877
936668851
936726075
936665963
936653719
936700951
936724889
936724155
936659469
936674549
936540678
936651712
936675847
936716116
936671134
936653859
936655495
936664515
936579346
936592139
936596603
936602600
936690822
936533585
936580916
936613513
936641050
936651887
936674148
936669728
936490546
936616765
936664125
936537270
936680463
936655417
936660091
936665280
936671683
936701503
936706178
936724313
936726936
936720914
936680409
936686416
936700615
936706327
936722621
936591013
936600759
936578208
936710205
936725596
936727640
936708347
936713354
936680083
936531219
936571018
936627272
936641856
936646945
936651097
936652125
936666551
936702209
936716186
936718798
936727188
936729373
936733231
936712790
936714136
936713437
936715144
936719313
936720932
936725013
936704155
936687289
936530170
936532362
936538123
936558803
936577340
936580933
936510964
936535778
936554828
936573643
936665818
936563121
936560169
936659933
936652674
936673433
936668964
936680757
936670452
936666979
936659850
936662712
936687339
936612769
936613445
936647114
936674864
936679060
936690837
936693575
936699994
936703957
936719198
936657165
936713851
936653333
936652976
936661391
936661335
936519668
936686660
936689101
936687916
936690769
936713534
936718966
936719917
936727123
936707222
936680679
936719924
936719901
936621536
936676750
936651842
936665064
936658204
936659309
936661489
936662715
936683124
936721535
936660219
936580404
936706514
936650548
936654006
936693572
936683242
936684552
936671702
936710385
936672448
936732098
936613663
936662762
936719150
936662961
936655917
936687846
936655950
936561775
936483317
936491702
936531236
936539703
936544574
936527197
936497312
936519599
936524681
936601563
936509571
936685499
936691595
936672268
936658450
936658992
936622093
936622406
936624853
936676449
936509924
936516280
936558772
936567789
936506409
936521972
936557106
936570360
936590487
936592763
936663668
936669515
936664874
936668746
936653741
936690478
936725727
936719183
936661660
936675670
936688841
936511049
936520938
936533195
936554015
936558119
936565820
936569525
936571858
936576107
936582748
936589979
936593492
936607375
936621721
936664683
936537316
936537909
936552467
936547247
936617463
936631615
936635079
936662351
936670772
936561190
936584331
936641463
936653952
936659265
936694514
936658329
936668736
936699562
936714582
936685129
936686628
936662584
936652754
936672847
