10834300833
10836808921
10839235788
10840780223
10844745745
10846269191
10850105957
10843045790
10847322503
10849251300
10834275404
10842023033
10850232850
10850227582
10849900280
10839774648
10829610415
10834741171
10834321100
10830816390
10845180457
10845228012
10835301693
10837964862
10834970891
10798372279
10849155050
10837769323
10844342444
10835396103
10836211312
10845052981
10845888244
10850145453
10839819971
10835389703
10836754182
10837349060
10841739339
10832734361
10849222752
10836192930
10838267018
10831345679
10840326277
10831510574
10831131408
10831453505
10834509884
10835522152
10845921973
10845740540
10836244731
10837632806
10849766390
10845781649
10845798486
10847276079
10847683878
10836082894
10850241290
10831781060
10849215504
10834740013
10842659544
10836062412
10835466044
10836201736
10839165995
10850054391
10829805730
10849455624
10849374174
10849799182
10836361508
10849059171
10845719323
10838810272
10850367636
10850096509
10840564096
10823989440
10844745976
10850125431
10830089102
10845224805
10832168330
10849857662
10834457667
10839223007
10843465928
10833506102
10831878188
10836091725
10839663173
10834964855
10842412577
10843508599
10843806608
10845198626
10839008966
10837033078
10847867958
10834702326
10836957390
10839358027
10842286614
10835079074
10837334692
10839378830
10834774063
10832017448
10834562173
10833120708
10832814336
10843498645
10831520311
10835869792
10830942027
10846151523
10838768649
10843873460
10841522178
10831757133
10836592317
10839734434
10835311973
10833553675
10835851551
10836149366
10847365599
10838093899
10836741890
10843755520
10845106090
10844998886
10845467648
10849722161
10837275194
10838275216
10839283173
10850190353
10832709981
10835473739
10835871976
10837362612
10845308055
10840311096
10838419647
10839449725
10831053775
10832360587
10831043692
10839767688
10848602636
10846894356
10843821492
10839158746
10849245699
10849802264
10845842594
10850178785
10843354261
10837556744
10831852541
10838116251
10840197897
10832927131
10835214097
10836080064
10835334099
10844399175
10842256846
10832217900
10847905054
10835379630
10830548147
10832838320
10838106773
10831297111
10841978061
10833446204
10848296536
10847136889
10846717174
10839016297
10836292961
10838513819
10849417419
10832394857
10847164483
10815773489
10830501515
10835940539
10839443211
10846414000
10842594139
10840187859
10841365578
10841872443
10842447123
10844276994
10845202254
10849572081
10831744899
10832136993
10838812959
10840080943
10850109267
10839008792
10837597473
10835966217
10842143506
10834371700
10836738264
10848665943
10837501320
10831640468
10830445967
10848766935
10845902199
10830245151
10838674659
10841188153
10841939088
10836383317
10835036455
10838185498
10841603564
10846892442
10845207546
10836315846
10836435873
10838347770
10844752860
10830224555
10835007707
10840691646
10847819651
10834862648
10849290220
10834453872
'4e69c7dd219da976
10848589907
10848855365
10849068000
10849479739
10848285972
10833914040
10845828303
10848706723
10827492775
10848464705
10843145428
10845081362
10848683567
10839248152
10846522298
10832520815
10849433242
10843198490
10850358513
10832623651
10832691940
10832806194
10833205142
10833690675
10835228273
10836001545
10836475826
10840618887
10840563332
10845717096
10847316054
10848763841
10849334690
10849570326
10849592392
10849797590
10850011332
10850031693
10850189073
10850239878
10830634629
10843669956
10846739756
10847047763
10846023762
10847933623
10820944597
10846411895
10846322531
10836192373
10832078077
10846871418
10832900673
10849907908
10845847645
10839900388
10835151998
10846028476
10846320615
10849664103
10838708276
10837451971
10832185057
10840369566
10840089685
10846153558
10848172869
10849392801
10836618371
10838769174
10846450742
10846743642
10847731885
10848432234
10848609015
10846164675
10846407382
10831823518
10840326568
10842598272
10837477406
10825564345
10836012877
10849445799
10830731011
10794395505
10841116741
10849392049
10828999989
10844161076
10843616993
10830200492
10834441513
10846993938
10838364045
10833516886
10834352185
10832714840
10835146586
10830519040
10838560494
10839004434
10834697784
10836443369
10838109656
10841205151
10841794528
10843285365
10845786000
10847271254
10849561543
10835034618
10841944153
10848925512
10832213405
10844936301
10848687931
10834238702
10836180232
10845940105
10846503746
10844473378
10833782675
10832958969
10840285915
10835336712
10829671367
10848915358
10844143413
10848314534
10822067591
10840409752
10835499417
10836638039
10837821441
10850349085
10833049960
10834406061
10837862075
10835816508
10845743316
10845337208
10837466589
10829978672
10836404097
10842029534
10841590909
10847381541
10847536025
10842044272
10843371559
10839760845
10844664423
10840726106
10850410950
10834223730
10839503793
10841102832
10833748652
10844927448
10849323660
10836165021
10842745809
10844646697
10844748272
10833463538
10835097807
10835371524
10832368328
10831460002
10845088036
10844386018
10842791716
10836644138
10834801734
10836408039
10837127641
10837428889
10832622739
10848538853
10842401291
10844900314
10837396933
10839231820
10843108425
10847188618
10848631285
10836200908
10848097507
10842264802
10838291543
10844032256
10843228911
10838460248
10839454197
10835410210
10847814308
10830419024
10831230124
10831195640
10835607887
10836362705
10841831351
10845988951
10846450688
10840915364
10838039854
10835036529
10839322372
10835594921
10846844820
10843877688
10848677484
10832213253
10844830269
10846645565
10846595725
10844401428
10833582916
10831239048
10838723719
10839604345
10831610201
10834110548
10839032687
10843425198
10849043848
10849402404
10849575704
10850315198
10837061405
10830146586
10834691789
10850260061
10849062234
10837648563
10830623081
10832638493
10843690329
10833100443
10832681018
10831679434
10838156350
10848943037
10848259920
10828129065
10834010344
10834145810
10833161583
10830839860
10830977456
10842721029
10845648782
10837483849
10830929534
10830826604
10839468546
10830232206
10833148078
10827482893
10848213557
10832654029
10833192049
10833619981
10848489340
10832593096
10839250584
10846335455
10837283275
10841175013
10828622487
10830313599
10839499123
10841535545
10842292985
10843677498
10844909654
10845702025
10846515268
10847638741
10848077524
10848164346
10849269357
10845705042
10832357897
10832672827
10845450392
10836077294
10842822204
10847434472
10850366479
10830265628
10799514265
10839980421
10836144589
10846803116
10838777831
10839552030
10845789816
10848803254
10833987511
10835967239
10836541124
10835343838
10838574069
10836238348
10846054411
10833533574
10840200488
10836301090
10841470797
10844158208
10839484082
10840232881
10830366879
10835960003
10832532323
10837260225
10838111491
10841916646
10839581779
10840635891
10841219940
10850407476
10844158845
10845193911
10839363591
10839224059
10843847467
10844020900
10846208801
10847907212
10837942986
10829105860
10835053111
10835820627
10839544025
10844943542
10850015181
10848422721
10846279287
10833545541
10830509833
10832840184
10838804902
10841350075
10841219416
10838885850
10836028697
10839724366
10842533848
10838591750
10840053230
10837151564
10844776375
10837613676
10836631412
10844793526
10841885608
10843806825
10847600654
10836143298
10846766663
10845566420
10832458274
10844876365
10847913734
10849620095
10850223798
10835854849
10837284981
10846037462
10837520300
10844699632
10848602095
10843151459
10831605221
10848108467
10831888612
10836541742
10839938748
10834072434
10844258673
10831999206
10843374330
10842598009
10838138495
10846660681
10850047448
10843581182
10831895566
10843555627
10838401634
10835916223
10845604077
10832380183
10843531090
10835582930
10839958449
10841079390
10832933300
10834326729
10828169696
10840587771
10848884313
10830955338
10833727297
10837712388
10843445821
